0 0.059896 0.677212 0.021412 0.028292
0 0.757523 0.864069 0.021605 0.030093
0 0.925154 0.222479 0.021605 0.028807
0 0.023148 0.108282 0.007330 0.010802
0 0.110436 0.040381 0.007909 0.010288
0 0.126254 0.170139 0.007909 0.011060
0 0.213059 0.040638 0.008681 0.011831
0 0.228009 0.154064 0.008873 0.013374
0 0.325521 0.067387 0.007909 0.011317
0 0.324749 0.161523 0.007137 0.009774
0 0.422068 0.030350 0.005787 0.009259
0 0.423322 0.121785 0.005980 0.007973
0 0.517265 0.129244 0.006752 0.009516
0 0.515143 0.003344 0.006366 0.006173
0 0.715181 0.065844 0.007909 0.010802
0 0.726177 0.185442 0.007909 0.011831
0 0.821181 0.142876 0.008873 0.011574
0 0.922550 0.126672 0.009838 0.012603
0 0.928530 0.365355 0.009838 0.015175
0 0.826196 0.283822 0.009259 0.012088
0 0.830536 0.400463 0.008681 0.011317
0 0.625772 0.232510 0.007330 0.011317
0 0.732446 0.382202 0.008102 0.013374
0 0.629051 0.394805 0.009645 0.011831
0 0.525559 0.244213 0.008681 0.009516
0 0.436053 0.306584 0.008681 0.012346
0 0.335262 0.320087 0.008102 0.012088
0 0.231192 0.291409 0.007909 0.010802
0 0.239583 0.374614 0.009259 0.013117
0 0.350309 0.426569 0.007330 0.008488
0 0.248843 0.491770 0.008102 0.011831
0 0.347029 0.527906 0.007330 0.010545
0 0.142554 0.405736 0.006944 0.011060
0 0.137924 0.320859 0.007716 0.011574
0 0.047261 0.337320 0.010031 0.010545
0 0.051601 0.426440 0.007909 0.011317
0 0.037519 0.229295 0.007137 0.012088
0 0.154900 0.528549 0.010417 0.013889
0 0.057677 0.589506 0.010417 0.012860
0 0.157311 0.655864 0.009838 0.011317
0 0.252508 0.628215 0.010031 0.011574
0 0.352720 0.646991 0.006752 0.010031
0 0.262924 0.709748 0.008102 0.012088
0 0.353492 0.763889 0.008295 0.009774
0 0.446663 0.560828 0.006366 0.008488
0 0.542245 0.547197 0.009259 0.010545
0 0.451100 0.687757 0.007137 0.011317
0 0.557774 0.691358 0.007523 0.012860
0 0.453125 0.456662 0.009645 0.012603
0 0.536941 0.439943 0.004437 0.007973
0 0.641590 0.490869 0.009259 0.009516
0 0.739873 0.500000 0.009452 0.009774
0 0.942515 0.552598 0.008102 0.011060
0 0.836709 0.561085 0.007523 0.008488
0 0.945698 0.670139 0.007909 0.011574
0 0.846836 0.669882 0.010802 0.012088
0 0.954958 0.784979 0.007909 0.009774
0 0.854360 0.801183 0.006944 0.008230
0 0.749132 0.763760 0.008681 0.010031
0 0.750386 0.621013 0.008102 0.010031
0 0.642458 0.601209 0.009838 0.010545
0 0.646605 0.714892 0.009259 0.012603
0 0.653742 0.863426 0.008102 0.008230
0 0.556906 0.834362 0.005787 0.008745
0 0.454861 0.801698 0.007330 0.010288
0 0.360822 0.867670 0.010610 0.012088
0 0.259934 0.850952 0.009452 0.014660
0 0.062886 0.770448 0.008488 0.012088
0 0.062693 0.881430 0.010031 0.011831
0 0.161169 0.880273 0.010224 0.011574
0 0.364583 0.963992 0.009259 0.012346
0 0.459394 0.902392 0.009452 0.010545
0 0.559317 0.940586 0.007137 0.011317
0 0.653646 0.965535 0.009452 0.009774
0 0.852913 0.940972 0.013310 0.015175
